$ANSIBLE_VAULT;1.1;AES256
61343139396437393663393136393136303039646337623332393563623538363033396131623134
3064656531376266353533626332383739313434396139330a613538376536633238616235346139
34613930373633383562666331653362373334343837353936333538373130666165346466613132
3231353834373737350a376435313435663066646532616366386631646634343734393435333562
32623436356332353039653536356263363064663462363166393461623534396239363962353439
31373334616231643132386136373132663766656261386632666166336336313130316536653966
39366638316364666433326539336566636163653763383537643462303930303761343363336462
65346431626262383733663334323361303134643536643834316337393861363935373566383834
66663836616631663739653135333434303665333639383563663439373866646539653462646236
30306136353065616637363761313664363062616661373033613335363261333131633237643236
66323965646638653734613963386166656662646134623232656136336539313737653862663735
30313737343632333264393731353631663963646266623938353432653134393231616133363836
63653461343362323462336231316237306338336566613133646530363765356261626633383765
32316136623932373539386430376537316238386366353762646239643833656637623537646438
63643663646563363863356434653730346136656564346464656334346138393936373265623533
63386362376433313566303264316131636633613339396533323938336266653434333330323762
34646664636664616237623533323135613130313735316537336165356630303835323133336536
32656561376162393865316664333035346131303664323862656638373439323239633461303535
65636235616236313561633264326337356238383234326439383235333434366230306132623330
62633333356664316431303764353636366532323264303936343038343039653238626462303536
35373133636563313931363231326533386362613330383934373633363561346339303663326530
37396661636266646632386433343864643333396363353333393532373861343838303937386437
34363261396137643231346131663837343134346631393361366461623265613437326234613337
39306332653535386132643931316232656635366366616331386463336531386561376165353062
33346630346132626265663536663466623138633035333663666135313937623461323732346536
35656239613131313336643330396334613033646637613333616636373532393166313765623136
63313762353464396631666163656530363539663239323434643063643764376537643263303231
39313966306134613131623533346434663331393065613736656362353137306536333063643632
62383163326662363239373961353463613364313737383363316462326530336333313734333530
34633532396132316161636661353235643834356332313435353865366166656339343961643332
33633463393835366339653665313932313832343565373831383337363564366630626330386264
37653534363133323263343963636234646132646261363530373936666538636637326333333764
34383465386239636661613565393234336666393330373932616230633336663836663033393333
30646439383863366662653936383733663933353837343238303531376635666536373030353266
34336138363036393530633434646530383634643737326663626432633065323236613735396136
35336364666535373933383963653639343738353139333266393437343334383637613666326434
62373230316539323866313266653464663564343965656166643063383034616135613230373236
31636535643930636534373232333538366365363534363566396233356538666530316263633338
36653038643963356333306632383364373234333766653731366430663939633033643166303330
37633866396632663833356631633866343335626634626563376461386264393932643861656337
34313033666530386566626131626364323433613865336661343964383163376235643930613661
39633531313739643237643237343735626432623462376234623537636636393466323466326235
62316465613434316236613536343961353831373936373163666539366464646566613034663362
30356632613130653963303732663965386230623561633931313832383461303730396663303234
66653232396664383532343161663831656335373737303131316234313031306266616332383132
32393030613831366663633265373639313061636539366362626261373265646333303936373265
333638363566313662383632623831316634
