$ANSIBLE_VAULT;1.1;AES256
31366665666462646163646661376563313236353930643638366363366563663733386664626432
3465333061306331376134386231326638396665373138390a633765666162643834366365653466
39613738623232313638376336303231366633313864323862626336623138313261643965306337
3461636331663163380a613265633836643965616535653635326534623863303838353762626463
32393935663938323237336365393535663465353561303233613763376333646332616330386136
31656237656163353334343965316537646566383432373666353461363739643539383935633532
34333233333931343731623662396530643934663662306439643162633739343364323830373733
39656165316365323665393632633434396635336633396432346464636336623761316638636665
37636462336339373231626332346239313238323433383439633630393234396639316438666138
62343837623234653362656139366566363964643735356332383664316530306136613330656132
36303738386539613265313131633131643530633938316461393832663437333936313961653730
32656465343136323664
